0111100111001010011100111
100000000000000000000000000000000000000000000000000000000000000000000000000000000000000
0011101011000010100101000
010000000000000000000000000000000000000000000000000000000000000000000000000000000000000
0011100111001000111100001
001000000000000000000000000000000000000000000000000000000000000000000000000000000000000
0111101111000110111101111
000100000000000000000000000000000000000000000000000000000000000000000000000000000000000
0010000100000110111100000
000010000000000000000000000000000000000000000000000000000000000000000000000000000000000
0111000010010100001100011
000001000000000000000000000000000000000000000000000000000000000000000000000000000000000
0111100011001000000000100
000000100000000000000000000000000000000000000000000000000000000000000000000000000000000
0000000000001010000000111
000000010000000000000000000000000000000000000000000000000000000000000000000000000000000
0000000000000000000000000
000000001000000000000000000000000000000000000000000000000000000000000000000000000000000
0111100011001110010100001
000000000100000000000000000000000000000000000000000000000000000000000000000000000000000
0000000000011110001100000
000000000010000000000000000000000000000000000000000000000000000000000000000000000000000
0111101100010000111100111
000000000001000000000000000000000000000000000000000000000000000000000000000000000000000
0111100000010000000001000
000000000000100000000000000000000000000000000000000000000000000000000000000000000000000
0111101111010010110101111
000000000000010000000000000000000000000000000000000000000000000000000000000000000000000
0111101111000010111101110
000000000000001000000000000000000000000000000000000000000000000000000000000000000000000
0011001111010110000001011
000000000000000100000000000000000000000000000000000000000000000000000000000000000000000
0111100000001110100000000
000000000000000010000000000000000000000000000000000000000000000000000000000000000000000
0110100111011110100001011
000000000000000001000000000000000000000000000000000000000000000000000000000000000000000
0000000000011110100100001
000000000000000000100000000000000000000000000000000000000000000000000000000000000000000
0111101101000010000100001
000000000000000000010000000000000000000000000000000000000000000000000000000000000000000
0110001011000110111100100
000000000000000000001000000000000000000000000000000000000000000000000000000000000000000
0111001111001110011100111
000000000000000000000100000000000000000000000000000000000000000000000000000000000000000
0100101111000010111101001
000000000000000000000010000000000000000000000000000000000000000000000000000000000000000
0110001111000110011000000
000000000000000000000001000000000000000000000000000000000000000000000000000000000000000
0000100011000110011000100
000000000000000000000000100000000000000000000000000000000000000000000000000000000000000
0101100010011110111101110
000000000000000000000000010000000000000000000000000000000000000000000000000000000000000
0011101110011110111101101
000000000000000000000000001000000000000000000000000000000000000000000000000000000000000
0001101111001100111000111
000000000000000000000000000100000000000000000000000000000000000000000000000000000000000
0111101111001000111100111
000000000000000000000000000010000000000000000000000000000000000000000000000000000000000
0111100111010010000001000
000000000000000000000000000001000000000000000000000000000000000000000000000000000000000
0111101111000000100101011
000000000000000000000000000000100000000000000000000000000000000000000000000000000000000
0111100111001000010000000
000000000000000000000000000000010000000000000000000000000000000000000000000000000000000
0111101111001000010000100
000000000000000000000000000000001000000000000000000000000000000000000000000000000000000
0111101111000010001100011
000000000000000000000000000000000100000000000000000000000000000000000000000000000000000
0111101111000000000001011
000000000000000000000000000000000010000000000000000000000000000000000000000000000000000
0000000000011110000000001
000000000000000000000000000000000001000000000000000000000000000000000000000000000000000
0000100001000010000000001
000000000000000000000000000000000000100000000000000000000000000000000000000000000000000
0111100110001100101101001
000000000000000000000000000000000000010000000000000000000000000000000000000000000000000
0111101111000010000100001
000000000000000000000000000000000000001000000000000000000000000000000000000000000000000
0111100111001100111000111
000000000000000000000000000000000000000100000000000000000000000000000000000000000000000
0111100001001100101101111
000000000000000000000000000000000000000010000000000000000000000000000000000000000000000
0011101111000010100101001
000000000000000000000000000000000000000001000000000000000000000000000000000000000000000
0011101111000100111001100
000000000000000000000000000000000000000000100000000000000000000000000000000000000000000
0111001101000010101101111
000000000000000000000000000000000000000000010000000000000000000000000000000000000000000
0111101111000100111101111
000000000000000000000000000000000000000000001000000000000000000000000000000000000000000
0110101110010100101101011
000000000000000000000000000000000000000000000100000000000000000000000000000000000000000
0000000000011110111100000
000000000000000000000000000000000000000000000010000000000000000000000000000000000000000
0111101111000010000100111
000000000000000000000000000000000000000000000001000000000000000000000000000000000000000
0110001111000110001100100
000000000000000000000000000000000000000000000000100000000000000000000000000000000000000
0101001101000110011100110
000000000000000000000000000000000000000000000000010000000000000000000000000000000000000
0000101011011110111101001
000000000000000000000000000000000000000000000000001000000000000000000000000000000000000
0100001100001010111100000
000000000000000000000000000000000000000000000000000100000000000000000000000000000000000
0000100011001100110001000
000000000000000000000000000000000000000000000000000010000000000000000000000000000000000
0001101111001100111101111
000000000000000000000000000000000000000000000000000001000000000000000000000000000000000
0010101100010110111100111
000000000000000000000000000000000000000000000000000000100000000000000000000000000000000
0000000000000000000000000
000000000000000000000000000000000000000000000000000000010000000000000000000000000000000
0000100011000000000100011
000000000000000000000000000000000000000000000000000000001000000000000000000000000000000
0011101111011110111101111
000000000000000000000000000000000000000000000000000000000100000000000000000000000000000
0100000000000110011101110
000000000000000000000000000000000000000000000000000000000010000000000000000000000000000
0000000000000000000000000
000000000000000000000000000000000000000000000000000000000001000000000000000000000000000
0011100111001010110100001
000000000000000000000000000000000000000000000000000000000000100000000000000000000000000
0100101101011010011100111
000000000000000000000000000000000000000000000000000000000000010000000000000000000000000
0111101111011110111101111
000000000000000000000000000000000000000000000000000000000000001000000000000000000000000
0010100111001110110100111
000000000000000000000000000000000000000000000000000000000000000100000000000000000000000
0000000000000000000000000
000000000000000000000000000000000000000000000000000000000000000010000000000000000000000
0001101111001100111100111
000000000000000000000000000000000000000000000000000000000000000001000000000000000000000
0111100011001110000100000
000000000000000000000000000000000000000000000000000000000000000000100000000000000000000
0100001000011110000000001
000000000000000000000000000000000000000000000000000000000000000000010000000000000000000
0100101001000110001101110
000000000000000000000000000000000000000000000000000000000000000000001000000000000000000
0000100001000010111101111
000000000000000000000000000000000000000000000000000000000000000000000100000000000000000
0001100110011000110101111
000000000000000000000000000000000000000000000000000000000000000000000010000000000000000
0000101101011010010100101
000000000000000000000000000000000000000000000000000000000000000000000001000000000000000
0111101111001010001100101
000000000000000000000000000000000000000000000000000000000000000000000000100000000000000
0000000000000010001100110
000000000000000000000000000000000000000000000000000000000000000000000000010000000000000
0101100110011110001000110
000000000000000000000000000000000000000000000000000000000000000000000000001000000000000
0011100111000110101101011
000000000000000000000000000000000000000000000000000000000000000000000000000100000000000
0011100111000110111101111
000000000000000000000000000000000000000000000000000000000000000000000000000010000000000
0011100001011110111100000
000000000000000000000000000000000000000000000000000000000000000000000000000001000000000
0000000100011000011100011
000000000000000000000000000000000000000000000000000000000000000000000000000000100000000
0000000000000000000000000
000000000000000000000000000000000000000000000000000000000000000000000000000000010000000
0111000110001110111100111
000000000000000000000000000000000000000000000000000000000000000000000000000000001000000
0001101111011110001100010
000000000000000000000000000000000000000000000000000000000000000000000000000000000100000
0111101011001110011001111
000000000000000000000000000000000000000000000000000000000000000000000000000000000010000
